-9.285373458080670162e+01
-9.285300878046882644e+01
-9.285067194975287919e+01
-9.284977405636811909e+01
-9.284965829959963912e+01
-9.284761321649078525e+01
-9.284484859387561073e+01
-9.284023673919712394e+01
-9.283601787194693600e+01
-9.283129675038843232e+01
-9.282541506647827134e+01
-9.280238142011825175e+01
-9.279403744690526423e+01
-9.281438628290787562e+01
-9.280211566757402863e+01
-9.277912477246908907e+01
-9.275431673489890727e+01
-9.269967087131433914e+01
-9.262501402192384603e+01
-9.263934814567326725e+01
-9.271400120973720504e+01
-9.275494705726400468e+01
-9.277473020428671191e+01
-9.278888682194306625e+01
-9.279270854573744032e+01
-9.279813557439871374e+01
-9.280660232434743762e+01
-9.280548996382091786e+01
-9.281488686352199124e+01
-9.282917390234149480e+01
-9.283106294388181823e+01
-9.281653279518937438e+01
-9.284162562932874607e+01
-9.285461562825608439e+01
-9.284951731751908710e+01
-9.286841175988178065e+01
-9.286290304920083827e+01
-9.282262890273263167e+01
-9.275711535733493918e+01
-9.281902005635291175e+01
-9.286327077222526327e+01
-9.287003219133858067e+01
-9.287329119191873872e+01
