-3.630057049600000224e-02 -3.993648631999999893e-02 -0.000000000000000000e+00 2.583250998000000132e-02 2.842398143699999963e-02 0.000000000000000000e+00 1.046806051599999919e-02 1.151250488299999930e-02 -0.000000000000000000e+00
-3.147815601400000274e-02 -4.456575608300000074e-02 0.000000000000000000e+00 1.539476740800000028e-02 3.336584850499999672e-02 -0.000000000000000000e+00 1.608338860600000073e-02 1.119990757800000056e-02 0.000000000000000000e+00
-2.575561134499999849e-02 -3.938297377500000335e-02 0.000000000000000000e+00 -1.401791774599999915e-02 9.155361335000000711e-03 -0.000000000000000000e+00 3.977352909100000111e-02 3.022761243999999917e-02 -0.000000000000000000e+00
-1.655446686900000075e-02 -2.916367011000000134e-02 0.000000000000000000e+00 -2.992167899900000094e-02 -3.833532350000000075e-03 -0.000000000000000000e+00 4.647614586700000300e-02 3.299720245999999968e-02 -0.000000000000000000e+00
-1.277765713699999944e-02 -3.208104298100000057e-02 0.000000000000000000e+00 -2.391341316000000078e-02 1.511105267900000014e-02 -0.000000000000000000e+00 3.669107029700000022e-02 1.696999030199999869e-02 0.000000000000000000e+00
-1.104032598799999966e-02 -3.890762422300000217e-02 0.000000000000000000e+00 -1.475969749399999933e-02 3.458951550900000310e-02 0.000000000000000000e+00 2.580002348200000073e-02 4.318108713999999938e-03 -0.000000000000000000e+00
-4.749319160000000338e-03 -3.671394057099999775e-02 -0.000000000000000000e+00 -2.215552329999999955e-03 4.542200064400000320e-02 -0.000000000000000000e+00 6.964871489999999860e-03 -8.708060074000000678e-03 0.000000000000000000e+00
-2.529666788000000180e-03 -4.431385530299999931e-02 0.000000000000000000e+00 9.362254050999999772e-03 5.972767885400000198e-02 -0.000000000000000000e+00 -6.832587264000000021e-03 -1.541382355099999921e-02 0.000000000000000000e+00
6.594093801999999921e-03 -2.936439764300000088e-02 0.000000000000000000e+00 3.331315838000000178e-03 4.716691891699999889e-02 0.000000000000000000e+00 -9.925409640000000533e-03 -1.780252127400000148e-02 -0.000000000000000000e+00
1.192117239699999956e-02 -1.687221418000000098e-02 -0.000000000000000000e+00 -1.282410768000000027e-02 3.376418561100000271e-02 0.000000000000000000e+00 9.029352839999999500e-04 -1.689197143100000173e-02 0.000000000000000000e+00
1.118356284399999942e-02 -3.056723903600000111e-02 0.000000000000000000e+00 -2.869278617800000153e-02 4.603492940199999800e-02 -0.000000000000000000e+00 1.750922333399999864e-02 -1.546769036600000036e-02 0.000000000000000000e+00
2.996626289000000210e-03 -1.653455129729999862e-01 0.000000000000000000e+00 -9.996714820999999182e-03 1.835545811540000016e-01 -0.000000000000000000e+00 7.000088530999999843e-03 -1.820906818200000027e-02 -0.000000000000000000e+00
1.067567280799999914e-02 -1.720709424190000059e-01 -0.000000000000000000e+00 -5.196464188000000234e-02 1.894167158460000056e-01 -0.000000000000000000e+00 4.128896907099999930e-02 -1.734577342799999838e-02 0.000000000000000000e+00
1.095862453400000061e-02 -1.828835876600000063e-02 -0.000000000000000000e+00 -4.957245438099999735e-02 3.221963480099999944e-02 -0.000000000000000000e+00 3.861382984600000151e-02 -1.393127603500000054e-02 0.000000000000000000e+00
-1.359225535800000044e-02 1.109473642430000018e-01 -0.000000000000000000e+00 -5.095465849699999661e-02 -1.073806174890000048e-01 0.000000000000000000e+00 6.454691385499999878e-02 -3.566746754000000002e-03 -0.000000000000000000e+00
-4.895767907899999799e-02 1.709969006690000015e-01 0.000000000000000000e+00 -3.621986014999999809e-02 -1.823037180619999920e-01 -0.000000000000000000e+00 8.517753922899999608e-02 1.130681739300000085e-02 0.000000000000000000e+00
-8.891051747000000560e-02 2.069572990690000114e-01 0.000000000000000000e+00 -1.630273077999999914e-03 -2.313920612210000061e-01 -0.000000000000000000e+00 9.054079054800000248e-02 2.443476215200000162e-02 0.000000000000000000e+00
-1.880880717650000034e-01 4.316939237590000089e-01 -0.000000000000000000e+00 9.519317289900000589e-02 -4.674567590400000028e-01 0.000000000000000000e+00 9.289489886500000571e-02 3.576283528000000211e-02 -0.000000000000000000e+00
-3.349663337279999986e-01 6.846553228799999724e-01 -0.000000000000000000e+00 2.460192238720000091e-01 -7.297690478670000314e-01 -0.000000000000000000e+00 8.894710985499999778e-02 4.511372498700000344e-02 0.000000000000000000e+00
-3.969345768159999732e-01 5.815843709400000394e-01 0.000000000000000000e+00 3.164805690249999914e-01 -6.348329701320000185e-01 -0.000000000000000000e+00 8.045400779099999566e-02 5.324859919199999986e-02 0.000000000000000000e+00
-2.461574508719999999e-01 3.054050222069999987e-01 0.000000000000000000e+00 1.680719725550000043e-01 -3.539564326899999891e-01 -0.000000000000000000e+00 7.808547831699999553e-02 4.855141048299999734e-02 0.000000000000000000e+00
-1.493675905159999873e-01 1.360315099109999926e-01 0.000000000000000000e+00 7.957958206599999307e-02 -1.792927025319999979e-01 -0.000000000000000000e+00 6.978800844999999420e-02 4.326119262099999835e-02 0.000000000000000000e+00
-1.154797330439999992e-01 7.785350076499999994e-02 0.000000000000000000e+00 6.376738864500000603e-02 -1.158945160760000009e-01 -0.000000000000000000e+00 5.171234439900000007e-02 3.804101531100000100e-02 -0.000000000000000000e+00
-6.284646803299999418e-02 3.216825169499999693e-02 0.000000000000000000e+00 4.388099594400000220e-02 -5.490742601299999914e-02 -0.000000000000000000e+00 1.896547208800000023e-02 2.273917431900000091e-02 0.000000000000000000e+00
-5.112243644600000109e-02 3.734763419599999856e-02 -0.000000000000000000e+00 6.875470818300000175e-02 -4.766310879800000205e-02 0.000000000000000000e+00 -1.763227173700000067e-02 1.031547460200000002e-02 0.000000000000000000e+00
-4.813261248100000195e-02 3.464887611600000333e-02 -0.000000000000000000e+00 9.628033869499999509e-02 -3.651389945599999715e-02 0.000000000000000000e+00 -4.814772621599999747e-02 1.865023340000000101e-03 0.000000000000000000e+00
3.564866261900000166e-02 8.986414356000000173e-03 0.000000000000000000e+00 5.011488218000000050e-02 1.424543479300000026e-02 -0.000000000000000000e+00 -8.576354479900000216e-02 -2.323184914899999870e-02 -0.000000000000000000e+00
1.922899336380000102e-01 5.997348954000000093e-03 -0.000000000000000000e+00 -5.859626365799999737e-02 6.231707508499999965e-02 0.000000000000000000e+00 -1.336936699809999907e-01 -6.831442403899999627e-02 -0.000000000000000000e+00
2.216748155059999892e-01 6.314484589999999576e-04 -0.000000000000000000e+00 -1.033008046849999972e-01 5.996371913600000159e-02 0.000000000000000000e+00 -1.183740108219999976e-01 -6.059516759499999905e-02 0.000000000000000000e+00
2.053522398510000124e-01 -1.909134601700000072e-02 -0.000000000000000000e+00 -1.330227167259999954e-01 4.459362902999999823e-02 0.000000000000000000e+00 -7.232952312599999489e-02 -2.550228301300000097e-02 0.000000000000000000e+00
2.267705365890000102e-01 -2.277393987799999908e-02 0.000000000000000000e+00 -1.921518315059999871e-01 2.159940610400000113e-02 -0.000000000000000000e+00 -3.461870508199999669e-02 1.174533773999999900e-03 0.000000000000000000e+00
2.639091120170000138e-01 -5.429216364000000010e-03 -0.000000000000000000e+00 -2.597491856149999889e-01 -1.589365256299999848e-02 0.000000000000000000e+00 -4.159926401999999683e-03 2.132286892699999936e-02 -0.000000000000000000e+00
1.917351460039999900e-01 1.015127611099999987e-02 -0.000000000000000000e+00 -2.031027088709999873e-01 -4.480678935099999954e-02 0.000000000000000000e+00 1.136756286600000034e-02 3.465551323999999794e-02 0.000000000000000000e+00
1.284921007829999962e-01 2.415132691899999837e-02 0.000000000000000000e+00 -1.537547197899999940e-01 -6.714000448599999338e-02 0.000000000000000000e+00 2.526261900500000046e-02 4.298867756699999848e-02 -0.000000000000000000e+00
1.230540833640000054e-01 7.175959446500000671e-02 -0.000000000000000000e+00 -1.609781636769999913e-01 -1.200772742439999985e-01 0.000000000000000000e+00 3.792408031200000113e-02 4.831767977899999872e-02 -0.000000000000000000e+00
3.048789926799999953e-02 -7.993221196999999653e-03 0.000000000000000000e+00 -5.786536168499999827e-02 -3.244553831400000254e-02 -0.000000000000000000e+00 2.737746241600000005e-02 4.043875951099999699e-02 -0.000000000000000000e+00
-1.518968536480000131e-01 -1.274724069160000084e-01 0.000000000000000000e+00 1.424316320969999938e-01 9.875838728399999322e-02 -0.000000000000000000e+00 9.465221551000000191e-03 2.871401963200000129e-02 -0.000000000000000000e+00
-4.171775236929999853e-01 -2.345620092679999991e-01 -0.000000000000000000e+00 4.303932252939999814e-01 2.199016887380000063e-01 0.000000000000000000e+00 -1.321570160200000003e-02 1.466032052999999974e-02 -0.000000000000000000e+00
-7.268055591419999573e-01 -2.862422434870000032e-01 -0.000000000000000000e+00 7.665963243100000213e-01 2.875788233689999807e-01 0.000000000000000000e+00 -3.979076516900000027e-02 -1.336579881000000015e-03 0.000000000000000000e+00
-4.362865953060000024e-01 -2.594204811549999934e-01 0.000000000000000000e+00 4.494524397799999904e-01 2.468195918009999934e-01 -0.000000000000000000e+00 -1.316584447400000017e-02 1.260088935299999956e-02 -0.000000000000000000e+00
-1.571257075049999896e-01 -1.363559761700000039e-01 -0.000000000000000000e+00 1.497175034899999868e-01 1.130065673100000001e-01 -0.000000000000000000e+00 7.408204013999999775e-03 2.334940885900000165e-02 0.000000000000000000e+00
6.983820638599999575e-02 3.644015383799999869e-02 -0.000000000000000000e+00 -7.913631663799999827e-02 -5.535293219700000017e-02 0.000000000000000000e+00 9.298110252000000783e-03 1.891277835799999932e-02 -0.000000000000000000e+00
3.965849436999999839e-02 4.362007948800000062e-02 0.000000000000000000e+00 -4.575976638800000051e-02 -5.033128603800000184e-02 0.000000000000000000e+00 6.101272016999999964e-03 6.711206548999999917e-03 -0.000000000000000000e+00
